2 0.065000 0.448000 0.090000 0.064000
2 0.350000 0.445333 0.040000 0.053333
2 0.381000 0.438667 0.042000 0.045333
2 0.415000 0.448000 0.034000 0.048000
2 0.466000 0.454667 0.060000 0.056000
2 0.528000 0.457333 0.052000 0.056000
2 0.568000 0.460000 0.044000 0.061333
2 0.620000 0.465333 0.068000 0.061333
2 0.706000 0.516000 0.104000 0.066667
2 0.881000 0.496000 0.074000 0.064000
2 0.787000 0.478667 0.058000 0.066667
2 0.937000 0.584000 0.098000 0.096000
2 0.301000 0.572000 0.190000 0.082667
2 0.187000 0.534667 0.110000 0.066667
2 0.186000 0.468000 0.112000 0.061333